1.848306893780243543e-01
1.192450720634079947e-01
1.189712929491869020e-01
1.211500653827105450e-01
9.467679615567088369e-01
9.174531328984787404e-01
3.078596142630971033e-01
9.128486165392963106e-03
2.257177104594696448e-01
1.869369193967628795e-01
1.696035565707872950e-01
1.180880901474080091e-01
8.282027591121146060e-01
9.060882433036178407e-02
8.550646715511773799e-01
3.836658433300579873e-02
2.879826077937052142e-01
1.517927009833685559e-01
2.689205888778689046e-01
6.145884920302766702e-02
1.429994316902478690e-01
2.214818521096810766e-01
1.207313504432914464e-01
4.368658930077154445e-02
2.179432525311118807e-01
2.188780971228495853e-01
3.747429602706338070e-01
9.524493890575780330e-02
9.641411146109157837e-02
1.135007819455974842e-01
4.103868992253472681e-01
5.778125545351320280e-01
6.733223636827438685e-02
1.820762115212607446e-01
7.256597699452746464e-02
2.904645814219327105e-01
3.636137762747836955e-01
2.802502511413160202e-01
1.026729874708121326e-01
1.749777607179145086e-02
2.265624627102295063e-01
6.747018088376020850e-02
2.002202322923615774e-01
3.132809662606835244e-01
8.817433075682976074e-02
2.200508297993055695e-01
2.528357819551934615e-01
3.614023538979869998e-02
1.414444893343292931e-01
1.551589317912079324e-01
9.328551289882011099e-01
7.366555390631306377e-01
7.835301566609522705e-01
8.623647513262210351e-01
5.896458689607457782e-01
8.485572502130924732e-01
9.129889411090919005e-01
6.715611693869899534e-01
6.505000945937837731e-01
9.569874909625067927e-01
8.985210274633923522e-01
4.193474059242895402e-01
9.779993334920199510e-01
6.778968996109352441e-01
5.147011927578287738e-01
9.799013148168054244e-01
9.536337851019004441e-01
8.127704321897628592e-01
9.030667569405496087e-01
4.248884043880201133e-01
6.252247593330088060e-01
4.761907478278690764e-01
3.454961967297789371e-01
9.851965884042056532e-01
2.578541695526708200e-01
8.494738723163921534e-01
8.250470913467063960e-01
7.255325389972321348e-01
8.268815094811060584e-02
7.655216678135740027e-01
7.584590954516285954e-01
8.919152259858220688e-01
8.956204013609361247e-01
9.635357530538808390e-01
7.657068368156243476e-01
9.554915251733808734e-01
9.957761445775151765e-01
4.074284287812935390e-01
9.813931154087276454e-01
8.999501103416949199e-01
7.374370200581817913e-01
4.914270057263273594e-01
5.685515870484447731e-01
8.607610299618263516e-01
2.179965721502825915e-01
9.490646173230831151e-01
8.922801692024200371e-01
6.728473112913671006e-01
8.266722101639309983e-01
9.794470916086714940e-01
