1.849953337963194944e-01
1.220791153064164219e-01
1.207852834967047262e-01
1.228427194437148734e-01
9.455383373759804755e-01
9.166822349592029795e-01
3.093723093842064564e-01
9.361829914020965149e-03
2.275558602520603990e-01
1.893130713175708024e-01
1.697399271602884341e-01
1.204080283785074618e-01
8.265533099532219596e-01
9.178534931411523601e-02
8.516397137795390648e-01
3.987170063430497263e-02
2.916344816415550878e-01
1.510439877980487011e-01
2.708835857533163360e-01
6.273139763444486594e-02
1.450786927083111688e-01
2.209632019640482836e-01
1.217282309852343869e-01
4.457694353603383619e-02
2.213137546093181529e-01
2.223133600074229388e-01
3.785960663552679351e-01
9.805251710504966911e-02
9.844233682964720344e-02
1.150523487669959516e-01
4.122508264018685531e-01
5.835676369521136664e-01
7.013397235469312485e-02
1.849199339525255947e-01
7.390333519816988384e-02
2.900645567048356077e-01
3.640263853185421450e-01
2.808386177503573444e-01
1.038725373185876572e-01
1.818640948021817486e-02
2.285281406293772355e-01
6.809466479580220111e-02
2.028854515275633208e-01
3.156093254718484453e-01
8.909837287042988996e-02
2.237065374953617347e-01
2.562076747457945891e-01
3.695713821039750546e-02
1.410424749423897506e-01
1.568386884847444984e-01
9.317855755325075151e-01
7.358836243389834664e-01
7.833305536421947268e-01
8.592675208406638232e-01
5.865927228934777471e-01
8.451064952172460121e-01
9.096532645879568113e-01
6.675485729388084266e-01
6.507423247140725620e-01
9.565950933272547863e-01
8.962023761185584636e-01
4.227020740207211302e-01
9.773337772523214007e-01
6.752938634585579081e-01
5.098909783257875583e-01
9.794628855105931287e-01
9.524517947107902227e-01
8.125922125115722094e-01
9.021820086755800716e-01
4.216910684263191489e-01
6.252297764873446795e-01
4.783866352161882940e-01
3.509581962519782716e-01
9.847919195976815310e-01
2.575119945501320728e-01
8.466291335983925359e-01
8.244665108900806061e-01
7.249136108070145523e-01
8.390147432197274380e-02
7.632555600825320363e-01
7.534911264891068772e-01
8.903322709138822288e-01
8.931204499595782886e-01
9.624907499097895558e-01
7.666126826327034349e-01
9.547908339562359847e-01
9.955925620700200041e-01
4.095736104273894340e-01
9.809345620424821943e-01
8.975747114456651410e-01
7.353312156993746518e-01
4.907089544429927286e-01
5.643886822644925694e-01
8.609824539022294942e-01
2.190553037710979145e-01
9.477372885409665049e-01
8.910611597488975466e-01
6.731991938597478020e-01
8.274172566817076246e-01
9.788009697102010298e-01
