8.395905142632958951e-02
4.127474977508550635e-01
2.118094104640166619e-01
6.138587879452065549e-02
4.316272162210999519e-01
1.892561851062978806e-01
9.996471730240990006e-01
1.700224202220768921e-01
4.510928148417241851e-02
3.194437691068799934e-01
8.113774406354232749e-01
6.280052973983944742e-02
2.777037133956807291e-01
1.717340822057853711e-01
9.388549732031684636e-01
6.148189734992907246e-02
2.134253049316390816e-01
3.052310206851402419e-01
7.764684253713045603e-01
1.797198617092768957e-01
2.535053608194633434e-01
4.592825783731298989e-02
1.907898460424481135e-01
3.624216270159802966e-01
1.158860843550295894e-01
3.031924934784666625e-01
4.170681467237967732e-01
3.637059713704227787e-02
3.273328428123735423e-02
1.249457505476213037e-01
4.877989008729993053e-02
8.181546626536739808e-02
4.169695829318620373e-02
2.281170657086805109e-01
7.361964332986037363e-01
3.598742111507895469e-01
7.438386523982253029e-02
4.661250944288275466e-01
1.009596822899879176e-01
4.905078929106677921e-02
2.394332082078716450e-01
4.266533413964700983e-01
7.963051705231299904e-02
9.596472267216606122e-02
9.144104634872838311e-01
4.383916139415680591e-02
1.643796562537355177e-01
8.681197575202852235e-02
7.182850097019086166e-02
2.407152513242504788e-01
9.997969348034316805e-01
1.932322135236120564e-01
9.996727589199582154e-01
3.894795521572638752e-01
8.518373732045081415e-01
8.968113748380736050e-01
7.202721416656914233e-01
6.053466696780078760e-01
6.427848509686940881e-01
9.497304660707140966e-01
8.275765228108991067e-01
8.430963508294676556e-01
1.820338915541482860e-01
8.807313420544228277e-01
9.644594097457773740e-01
6.514059246508412393e-01
8.289144615350908518e-01
9.986069504539742958e-01
3.793487226313727589e-01
9.482520791773217939e-01
9.774244086097936268e-01
3.118115951126380070e-01
6.300748685452952635e-01
4.262022474224835822e-01
8.020873870112293913e-01
9.912836017866897276e-01
7.102157301061498007e-01
4.702087207734522156e-01
9.820117305323934342e-01
2.498708403672278977e-01
1.602604830745719133e-01
9.998601128207125210e-01
9.681688044709715335e-01
9.343402462471659398e-01
5.085322634486365567e-01
8.780018336013214464e-01
8.046773702617188162e-01
6.498029884760184727e-01
7.525089868982310914e-01
9.999454554726517896e-01
2.342785725854248657e-01
7.147137626919064513e-01
6.953308880671182912e-01
8.041847088787819064e-01
8.354013748988727839e-01
5.220584791672643332e-01
5.029738557814025235e-01
7.232956640366019485e-01
9.979439320225363952e-01
4.142511836155006177e-01
